9088786
7479136
10600900
7064027
6602218
6559242
6559300
6789239
6604322
6636575
6562725
6718631
6810684
6633545
6670936
6642746
6679803
6583574
6685229
6590927
6554317
6605355
6646093
6641861
6677144
6676817
6647322
6654428
6718774
6857351
6689077
6648898
6695635
6579929
6620257
6558254
6578330
6590131
6590797
6565758
6582587
6617361
6677565
6633839
6596209
8110293
6956805
6624955
6660943
6594197
6631945
6640069
6585764
6592893
6626243
6590686
6611352
6650827
6605664
6634313
6663786
6606580
6599720
6577658
6638915
6587717
6701231
6650103
6670190
6604175
6665220
6663642
6655055
6658859
6744055
6723340
6680812
6674641
6666778
6647898
6682572
6633861
6699346
6649906
6698180
6652862
6684896
6626327
6674040
6618620
6817272
6855096
6702940
6628790
6636735
6575183
6669298
6617704
6783006
6597552
6680072
6789863
6657806
6592482
6658095
6597590
6627739
6683445
6596657
6655345
6606459
6652303
6603851
6588149
6767908
6648164
10293458
9573214
6627802
6628850
6648036
6639961
6653020
6673751
6646482
6622703
6627949
6589254
6615315
6580825
6605655
6608473
6701206
7360056
7221873
6694000
6636365
6609979
6729619
6984408
6639969
6706177
6665191
6597092
6784364
6575675
6637288
6629931
6651406
6640660
6703304
6646005
6629201
6880489
6669937
6612474
7542199
6610615
6643375
6683359
6651103
6573179
6707351
6650671
6674977
6617574
6611572
6616376
6688484
6665932
6626585
6590360
6689688
6603940
6681765
6617853
6663033
6605063
7481029
6802086
6911667
6764677
6645929
6699691
6621193
6668173
6838427
6705240
6697759
6611827
6703406
6611987
6628836
6591111
6675382
6639045
6646766
6663236
6661359
6672857
6643136
6613198
6676647
6766160
6676041
6626270
6713290
6603185
6757991
6604598
6614678
6594950
6664458
6603473
6708513
6649303
6611807
6681261
6609599
6639810
6608491
7254060
6932046
6967904
7246336
6654820
6678635
6618118
6673952
6673283
6646296
6673580
6634804
6672102
6720068
6667452
6653838
6622400
6701771
6630242
6715501
6700943
6735705
6639790
6650649
6713830
6678306
6623851
6664717
6677094
6693791
6780584
6684287
6618396
6677721
6670692
6674758
6649169
6736037
6701460
6674010
6665138
6676634
6609811
6669237
6667532
6666910
7471375
6998281
6705262
6676848
6623667
6740640
6688309
6786547
6653055
6690381
6686794
6687749
6649938
6658177
6703288
6681626
6738221
6649991
6680722
6743093
6614444
6689840
6652868
6676546
6669559
6705152
6657818
6679403
6644823
6668298
6634406
6685514
6661547
6644360
6728130
6681305
6644540
6665231
6622619
6684503
6614025
6705715
6673045
6703532
6678599
7383634
7198480
6812612
6739777
6699735
6748709
6676017
6693435
6695224
6658245
6704904
6748458
6766774
6672741
6736450
6659333
6679966
6653920
6673442
6625983
6726888
6700294
6645498
6645248
6635936
6634533
6622656
6694235
6727405
6695023
6705429
6625192
6670401
6627472
6683134
6662674
6708780
6610186
6702718
6679456
6651116
6696294
6724394
6648841
6647183
7475086
6921485
6727845
6780934
6701589
6798017
6847344
6688576
6699966
6671611
6697841
6691337
6684976
6684671
6608223
6792873
6643657
6716527
6631393
6748003
6658271
6671554
6635607
6647063
6621991
6724629
6734314
6645331
6686558
6719193
6634089
6657485
6631913
6729993
6683889
6718444
6680401
6732219
6646596
6936667
6690646
6719696
6764007
6649741
7469931
6998786
6993327
6845256
6685675
6747451
6664832
6705099
6671851
6699946
6634182
6700416
6739501
6661108
6727326
6689161
6689204
6664362
6667547
6684865
6666198
6816066
6649814
6739017
6654198
6691072
6633139
6791853
6680553
6700921
6647117
6664401
6627975
6696785
6634741
6647489
6630845
6700978
6660787
6725512
6630929
6704987
6636101
6682761
6691933
7160167
7370552
6762411
6691873
6720730
6675129
6713130
6920803
6781625
6695520
6790756
6682545
6743719
6721924
6720220
6726653
6736055
6728077
6746880
6755804
6716581
6724404
6835974
6732083
6878744
6752011
6718241
6625210
6785359
6720844
6690545
6626137
6673470
6661916
6669136
6703756
6658969
6701169
6666918
6643238
6714285
7121923
6733168
6625649
8134251
7502697
6846802
6693434
6737145
6763508
6713947
6653329
6659873
6650701
6717649
6669500
6677422
6649214
6694724
6658547
6717851
6636150
6741692
6707078
6727157
6780544
6737334
6728485
6747552
6719347
6745314
6749568
6810752
6720166
6748593
6690579
6753354
6730871
6737840
6702300
6737980
6797197
6719764
6748189
6733478
6775675
6799934
6697114
7859760
6755724
6811997
6714523
6736595
6671160
6715494
6768668
6681325
6704313
6702948
6721984
6777309
6735969
6756390
6743134
6760750
6695629
6752004
6722041
6763102
6714568
6751190
6729045
6816213
7042621
6692620
6680439
6710933
6645538
6718341
6655800
6728245
6666215
6717914
6639213
6643226
6660408
6841337
6948950
7181958
7203830
7166130
7169786
8451780
7688059
7475284
7376204
7188693
7200509
7102068
7048747
7174352
7430259
7147362
7084389
7321293
7227410
7030227
7036332
6973525
7008182
7076572
6984907
6984318
6928324
7273719
7484671
7674030
7491516
7257519
7269244
7459966
7351543
7390541
7091947
7070985
7022805
7457938
7110620
7249678
7191585
7140742
6920439
7107325
10055149
8620042
7609567
7500953
7208706
7172139
7068714
6892984
6977502
6713212
6698308
6691535
6649392
6708365
6724554
6846425
6725714
6752777
6739095
6757100
6719910
6748427
6754479
10400489
8821312
7160162
7169353
7132299
7431405
6918447
6935592
6973992
7068846
7020888
7065877
6997134
7217947
7346805
6983840
6976900
7198513
9512198
8869171
7979539
7546467
7494356
7934860
7917153
7310778
7384192
7347778
6927611
6956848
6958484
6826487
6898496
6840774
6908610
6898878
6877070
6839833
6891647
6850822
6903345
6815544
6977616
7015485
6878308
7009703
6902373
6744864
6910288
6834534
6883894
6932395
6860706
7055807
7194538
6851110
7101121
7029489
6956252
8704368
7830959
7690813
6965621
6993287
6933778
6898416
6892088
6899464
6978836
6923961
6941360
6852607
6919159
6678936
6682416
6679030
6707089
6677132
6690181
6696482
6906552
6701080
6723625
6685356
6669507
6652152
6732652
6680319
6721687
6670570
6684583
6683908
6706250
6649728
6669122
6646293
6702731
6693401
6691590
6662020
6713083
6634148
7350983
6951557
8989391
6851313
7333086
6797744
6802564
6824340
6689625
6659109
6712846
6693784
6686037
6646269
6712858
6658439
6692869
6662111
6731385
6641738
6710232
6655292
6714637
6873921
7258118
7216982
8692073
7401141
6878524
6756074
6795428
6696543
6765328
6853248
6783508
6813430
6934665
7041962
7153497
6949977
6946773
6944029
6984405
7589801
10976024
10413340
7571454
8130736
9778887
9236809
7979543
6941645
6835305
6740771
6745598
6679334
7013421
7168904
7435979
9704557
10674888
10574491
10204371
10416411
10619708
10750260
12160387
12587117
12804033
10953775
10859836
11915298
11915439
12475224
12995462
10935482
11484347
11452762
12781402
12620816
12597939
11409459
12557865
11634803
11557896
11460671
10665533
11329304
10469009
11030668
10853870
10853263
11876422
11216652
12170332
11538523
11421667
11756912
11541451
11601755
10748309
11527874
11554789
12306609
11613942
11067056
11446359
10980540
10920227
11873749
10959449
11036051
11336446
10921847
10322417
10426046
10273881
10137572
6631861
6594704
6650267
6601360
7287898
6598710
6631183
6655499
6790690
8426367
6764138
10896892
10292422
7568110
7132819
7127948
7013467
6752942
6864979
6871735
6851408
6868396
6803711
7235106
7013599
6863503
7075664
7112514
7302499
6928464
7691099
7797438
7945839
7150142
7153812
7182420
7413691
7029425
7340135
7443637
7342084
7808915
7969288
7266460
7791044
7066853
6997050
7296180
6992486
6870183
6975325
9641624
7415827
7514542
7643765
7286402
7406208
7555418
7227129
7442209
7797907
7243505
7134897
7181416
7270146
7411556
7216159
7273999
7479289
7321013
7434377
7378392
7425438
7803711
7841500
7989199
7747683
7712240
7651096
8107180
7914272
7894058
7389546
7252657
7530185
7650465
7028012
7198913
6780629
6772300
10133008
10505100
6837931
6753406
6731424
6670429
6692067
6692913
6700279
6689664
6709887
6738299
6709363
6632801
6698359
6653236
6770652
6704071
6740308
6719397
6790408
6732409
6754845
6730226
6830822
7089955
6785168
6676354
6769002
6752596
6757816
6710161
6772937
6806234
6832609
6660076
6651910
6635712
6669188
6625392
6670928
6636198
6766480
6693138
6672640
6635670
6681506
6652482
6751315
6649370
6673847
6663198
6648895
6665005
6664883
6665612
6720669
6749281
6742849
6714344
6770033
6703736
6764091
6695995
6777684
6694304
6686625
6635031
6780284
6781677
6719120
6811816
6697217
6677066
6677104
6681249
6722178
6805751
6809909
6709607
6768306
6752075
6785531
6718133
6736955
6733428
6758244
6780091
6738325
6797534
7435185
6644088
6702926
6693306
6691323
6635490
6751912
6678277
6750546
6981619
6715863
7196921
6706678
6668408
6670078
6665450
6710411
6649596
6738077
6648705
6676831
6655499
6687415
6705477
6705334
6685663
6714849
6719326
6703055
6683789
6670124
6700034
6702638
6687868
6746378
6646618
6692487
6653813
6740953
6910523
6705237
6683252
6735105
6680914
6767616
6677562
6774781
6735018
6699549
6675772
6737676
6645238
6712744
6737801
6699475
6645128
6705872
6690466
6816495
7220791
7443364
8998189
8040907
8269870
6965031
7169999
6591339
6687745
6566052
6550963
6600292
6566794
6574559
6518388
6601084
6584975
6598764
6545525
6593491
6620616
8660053
8477793
10732773
10607697
10354337
7690480
8807559
7247886
7824432
7392334
9134534
9714719
8819531
7954441
7836945
9848837
7474193
7487553
6979862
6649988
6722272
6634337
6692307
6634075
6693584
6797720
6682901
6626002
6687675
6676495
6645291
6666774
6659424
6986388
7191512
10137722
6638879
6591951
6869397
6599355
6618412
6671235
9487203
8139093
7749722
6687237
6754692
6580353
6581166
6638952
6895044
6651270
6630440
6602155
7039645
6566537
6615168
6544110
7049823
6579446
6611702
6559977
6607154
6586913
6673229
6578066
6600977
6644530
6591141
6615049
6612659
6568755
6596932
6634697
6947813
6554308
6999595
6675936
6711379
6659617
6658329
6624584
6752604
6663135
6670483
6720887
6632046
6659312
6775828
6667631
6762770
6722382
6667421
6594590
6685994
7327241
6929863
6795520
6946569
6817789
6845878
6860975
6824946
6820458
6807078
6753381
6898855
8656741
6800542
6927463
7335047
6983707
6826309
7362849
6932007
6913338
6771699
6854281
7147399
7292121
7129268
7057755
6864610
6932194
7038849
6798787
7100608
7235449
8036641
10546815
10795237
10748876
11007681
10745612
10587609
9137687
7022475
6763908
6881840
6804443
6856416
6943780
6765901
6918108
6818698
6841126
6920574
6784538
6878557
6849928
6794282
6804860
6793583
6789469
6812665
6774548
6864777
6878012
6864941
6921191
6816980
6814227
6826990
6861190
6870585
6723679
6903957
7442658
7000473
6809677
6899220
7627786
6919014
6894490
6918725
6793844
6899437
6870015
6808651
7056777
6759825
6808962
6864885
6859657
6868027
6685059
6830075
6782580
6836612
6834490
6750451
6844294
7000071
6840002
6815932
6742844
6910078
6817779
6816020
6823078
6798760
6926412
6874866
6847762
6833653
6734294
6858837
6792731
6822369
6837603
6899558
6807123
6770053
7179927
6860812
6750916
7315738
6969061
6872547
6776757
6826131
6828617
6867539
6741636
6899761
6768084
6852159
6810452
6746553
6875992
9634423
8349568
8091026
9160930
9158822
9920469
7426643
7630998
8169553
7390057
7073364
6905379
7109958
6834835
7576172
7099715
7102196
7070420
6857487
6893873
9779877
7868603
7956210
7782649
7528168
7310893
7380689
7437006
7392111
7245136
8133549
7284948
6914550
6812205
6917680
6878379
6979972
6868967
6889650
6820962
6875014
6851826
7115683
6955937
6917512
7098932
7144110
6845013
7004438
6830925
6882562
6867656
6905201
6865015
6951352
6913889
6892696
6942110
6881390
6943747
7015606
6959010
6956458
6850918
6944811
6838760
7019712
6955738
6946620
6977480
6714718
6687208
6743114
6655120
6787975
6653904
6763684
6653017
6727887
6645995
6699384
6699261
6684177
6816607
6667102
6827645
6795931
6660603
6712986
6737218
6790086
6636503
6796295
6653149
7141689
6725214
6747089
6673069
6698587
6713722
6682107
6746783
6671958
6731052
6684248
6760462
6747417
6659704
6819574
6816724
6981796
6981072
7195352
10591356
10880185
10949730
10977565
10698421
10873419
10564253
10741868
10554514
10839708
11068943
12120040
11313511
8650594
8802893
7780550
7041065
6933987
6722480
6710897
6668695
6714713
6676417
6964335
6654209
6685455
6669284
6697798
6858854
6741619
6704077
6784992
6733551
6719791
6659308
6873843
6652344
6691534
6732436
6756529
6658970
6705900
6649752
6679267
6761992
6701187
7447556
6764030
6728837
6740084
6670676
7354844
10682347
7242045
7129510
7019155
7007274
7116832
7081217
7083284
6998640
10299949
10419400
10769270
10715019
10665145
10533835
10572530
10653288
7963568
9221122
7821357
7751393
8238426
7853724
8203090
8131854
8151734
7954668
7725711
7786977
10317519
8674835
7839854
7723111
7773799
8273045
8028952
7691896
8062979
8477048
8358310
7831800
7927630
7661384
8138253
7578300
7512499
7458632
7786031
8120572
7872348
7680536
7450501
7620966
7765413
7604354
7749933
7390862
7415823
7428433
7446343
7335908
7702288
7510883
7612543
9537252
10063459
10313073
10335927
10001175
7647963
9974707
7819735
7570916
7595608
8119123
7909181
7642526
7734753
7676332
7680177
7642442
7668198
9688510
10102076
10711042
10560257
10343582
9972359
7498836
6967414
7115694
7620802
7325473
7219319
8417992
7051278
6987362
6919011
6875271
6877087
6869766
6793824
6816792
6874940
6801322
6910807
6721191
6868198
6879261
6973804
6957842
6808973
6975255
6858854
7599943
7585932
7312697
7115040
7170491
7817941
7299572
7182417
7242624
7361361
7095082
7339453
7670708
7536977
7082333
7066907
7388515
7285364
7037627
7167814
6895489
6865352
6864996
6884264
6798624
6881874
6789579
6854567
6944758
10630319
10444909
7466682
7444422
7128730
7034454
8228319
7324183
7173033
6829469
6798953
6733336
6656481
6592725
6623623
6620088
6644076
6539064
6665516
6593428
6691926
6621187
6646484
6649392
7047617
6622025
6612406
6623091
6616186
6638258
6575451
6588863
6583773
6573814
6616691
7045844
6614198
6573088
6626720
6583486
6610298
6570688
6618368
6595829
6863180
7804364
7106198
7085784
6792676
6813629
6932230
6994694
6908149
6741262
6851638
7209590
7750344
7046679
7040145
8667042
7148449
6875027
6830350
6885164
6818976
6776297
6842677
6865739
6835800
6860203
6776164
6836121
6914453
7995383
7889006
7204716
7132408
7025357
6770480
6681405
6759748
6709968
6711815
6659916
6718200
6660966
6772755
7079605
6931088
6907690
6663561
6702605
6813666
6748856
6717897
6763155
6708705
6696054
6728947
6721686
6737395
6682820
6717754
6700752
6916957
6673848
6660328
6638659
6615736
6792468
7284494
7077206
6883154
6957636
7211420
6946889
6946250
6795069
6735689
6888689
7042548
6801175
8010109
7177036
7122247
6903536
6859158
6895168
6867248
6798911
6984552
6913066
6812891
7398264
7472722
7373936
7437574
7436054
8271817
7579600
7380353
7422448
7520118
7350495
7549703
7336450
7323411
7857890
7154012
7173094
7373908
7127338
6946633
6885850
7600523
7464780
6914249
6724721
6699200
6654492
6643797
6596576
6676629
6578352
6700610
6635825
6665942
6607422
6634809
6587659
6639746
6593983
6680284
6891050
6777804
6893775
6828882
6631298
6705389
6612532
6688051
6604226
6670168
6618429
6646089
6852757
6660592
6608151
6618516
6670018
6610498
6747109
6627192
9200451
10574557
10791272
11131192
10660131
10776563
10737404
10874040
7345414
11179071
11017228
10676982
10796776
10562564
10519484
10965179
8651906
10639064
10378299
8887809
11136897
10950810
13016274
10560099
10589376
8101291
10204671
10196842
10230917
9036027
10713574
7413157
7140455
7172187
7180975
6816276
8635704
8813052
8336476
7478436
6855911
6847351
7315363
6558869
6620437
6693520
6637681
6723352
6542142
6828671
6577918
6624581
6740887
6676382
6596058
6624916
6578442
6556233
6561211
6610835
6663343
6598106
6647506
6640692
6585132
6599484
6562207
6582233
6771057
7416350
7159601
7097702
7044217
6805936
6918402
7024502
6931158
6891550
6971980
6898456
6890736
7023768
8755147
7102397
6938921
7058208
7063134
6819461
6935787
7061809
7100339
7436051
7613409
7468794
7433791
7237211
7302322
7239853
7366236
7144731
6850787
6694186
6825443
7141014
7269979
7216958
7183825
7365184
7221867
7242748
6997995
7403795
7289885
6935651
6802359
6791483
6951575
7139557
6903990
7072105
7029581
7145610
7408679
7168326
7192686
6925858
6834985
6902859
6796534
6880778
6793305
6811691
6813036
6784099
6838032
6810152
6896339
6890962
7074251
6842897
6766946
6830541
6766338
6814889
6749054
6837893
6794277
6983071
6864971
9664168
7764690
7675648
7422479
6957257
6908026
7126358
6946765
7071103
7214560
6991898
6815220
6815146
6605792
6682647
6671297
6844795
6957420
6874712
6895251
6644034
6673272
6908861
6661553
6622927
6660415
6690704
6586570
6719717
6536951
6609837
6648301
6692759
6542467
6632525
6812047
6568026
6625590
6564037
6705932
6656752
6628440
6638738
6587008
6677828
6529467
6548540
6536455
6658062
6752495
6588388
6576650
6524194
6530807
6593456
6489673
6825900
6540951
6526808
6586079
6528210
6473714
6511391
6474605
6517152
6480026
6494715
6608210
7167596
6486950
6466367
6469035
6490881
6540422
6489328
6430022
6459866
6545292
6479185
6448611
6492451
6456894
6530484
6615414
6910424
6932938
6961936
6882180
6659002
6696938
6669418
6763977
7130257
6664995
7035350
7030500
6809133
6767048
6917735
6653292
6601797
6706378
6593106
6725187
6821524
6680159
6991775
6974317
7033829
6674833
6607508
6678214
6455955
6359022
6304481
6251568
6307731
6290577
6360020
6264066
6410278
6271864
6347114
6294328
6322648
6271259
6267161
6229741
6246740
6259726
6261462
6279000
6245467
6306053
6248117
6259884
6253111
6236815
6297621
6162664
6315674
6135780
6270579
6184320
6339770
6166462
6251982
6172446
6195343
6176589
6191002
6147189
6198757
6115591
6157407
6645438
6344852
6298421
6135428
6193928
6137111
6126670
6116084
6096411
6230404
6107663
6134300
5996156
6210687
6047164
6116265
6030124
6088549
5961573
6011824
6009704
6043818
5961949
6124961
6091252
5998851
6143871
5999145
5947438
5964969
5985327
5939998
5995270
5939454
5942367
5998135
6368839
5939755
5880027
5895388
5897789
6259775
5906246
5921439
5876686
5916292
5794351
5872330
5762600
5988456
5752769
5795091
5731429
5821529
5714247
5697858
5657588
5709290
5736845
5739624
5685755
5681529
5640990
5681844
5613306
5633171
5595559
5605992
5564611
5606704
5620065
5608098
5573063
5572072
5568211
6157981
6733376
7243486
5967506
5869971
6856866
8515955
5765682
5616025
5519472
5822067
5411798
5418392
5381530
5372561
5407065
5379127
5347800
5354924
5583835
5319294
5288779
5256495
5247155
5270655
5327599
5266691
5234780
5267144
5226285
5239002
5462872
5164929
5186380
5191914
5140458
5152739
5086468
5114353
5043584
5059609
5039574
5083598
5016669
5116836
5036446
5131618
5018575
5063069
4994895
5072529
4917225
5013065
4917632
4968706
4886402
4918508
4962231
4887371
4867956
4875577
4871701
5037491
4892222
4824073
4822418
4829923
4832508
4785690
4757663
4795827
4753392
4737671
4715405
4836317
4699259
4950301
4784575
4700945
4670272
4719827
4706661
4798173
4647310
4671580
4586861
4640507
4586074
4592930
4605891
4593193
4603241
4575497
4573400
4578005
4500575
4542094
4536318
4508299
4471375
4499636
4457888
4551865
4476607
4509776
4480680
4450324
4409177
4458674
4435850
4411061
4424812
4430699
4398988
4406035
4401644
4383076
5006568
4397188
4363252
4377270
4348813
4392682
4316505
4348547
4296845
4327163
4379328
4301329
4333606
4365338
4293419
4310266
4301994
4267268
4287712
4250541
4223008
4248952
4246656
4237562
4193561
4213560
4154099
4199144
4201759
4206062
4180194
4164508
4156261
4206168
4147368
4159567
4129462
4165903
4177653
4277223
4102288
4204304
4088659
4132727
4110345
4130431
4141857
4087418
4045387
4092898
4065201
4094271
4040977
4156973
4065927
4042240
4173034
4082622
4030291
4030670
4086630
4042033
4047953
4037901
3969186
4005318
3993028
4029335
3985922
4011039
3989287
4013257
4003339
3953851
3935765
3959169
3919874
3993138
3959365
3980047
3927455
4021778
3935508
3966240
3935460
3939585
3964174
3936460
3926025
3928704
3903748
3946088
3878592
3961554
3891467
3891105
3879776
3978037
4217731
3898105
3931930
3894519
3832794
3881433
3837208
3884608
3849578
4139644
3842989
3851941
3831245
3834578
3889782
3839034
3807349
4158591
3812356
4075874
3838933
3885605
3803863
3810777
3787968
3798412
3802007
3807220
3773629
3797307
3754145
3809230
3749100
3840562
3749212
3799535
3760803
3799854
3822287
3756563
3726159
3755200
3725082
3756468
3714053
3803049
3698904
3749327
3720169
3734944
3756314
3801048
3703607
3868827
3732553
3773996
3711698
3787783
3699411
3833100
3703740
3701877
3765062
3765436
3692995
3732680
3686120
3726997
3666167
3707219
3668738
3678045
3664708
3665915
3672940
3651894
3681799
3675897
3605923
3738488
3635491
3720399
3618793
3677451
3661427
3664636
3673251
3630656
3633143
4010478
3595344
3677092
3611680
3718882
3648238
3652472
3663917
3616164
3608785
3619672
3576513
3632508
3585524
3679775
3590249
3607904
3572407
3613246
3641745
3609429
3583606
3609771
3599104
3625377
3584093
3616960
3578594
3598271
3635630
3616670
3561292
3668941
3546178
3609995
3540333
3701936
3577829
3607936
3575307
3675768
3651965
3617880
3562878
3646537
3591572
3577018
3519249
3968949
3529763
3572628
3598956
3562212
3509023
3603691
3498955
3562200
3522751
3672531
3599918
3656652
3654425
3600853
3661532
3678034
3610388
3641116
3599926
3703836
3610605
3625801
3538318
3555115
3535480
3528485
3515624
3517300
3613515
4159791
3491082
3578110
3485083
3522284
3796011
3540731
3537141
3544936
3464158
3522178
3486133
3552817
3467682
3508969
3482031
3542486
3528988
3510456
3469521
3495624
3483689
3539964
3495960
3474168
3480885
3486675
3514965
3475977
3473298
3505974
3481093
3532703
3449889
3482394
3457317
3481565
3509235
3483366
3459265
3501646
3444240
3483914
3427968
3477001
3410218
3471447
3495395
3461095
3703269
3480464
3446130
3467873
3494335
3658536
4041252
3469137
3449757
3447657
3429211
3416678
3423144
3454091
3413811
3509672
3405235
3438231
3433668
3470543
3428200
3455023
3444524
3448969
3415180
3503006
3416084
3436087
3528587
3481963
3403767
3452222
3391513
3428107
3351319
3492635
3477236
3428821
3428562
3453380
3409041
3437457
3384551
3444180
3492668
3462819
3432704
3432062
3389818
3396847
3413429
3395856
3377695
3396489
3376487
3425416
3370059
5077013
3550023
3415749
3368268
3381574
3405997
3414490
3409494
3401878
3338590
3439415
3364446
3388610
3335964
3381358
3371591
3380008
3346021
3396744
3357376
3404051
3365877
3403766
3359104
3397888
3331538
3385730
3334031
3419426
3350646
3415838
3336560
3387956
3381044
3362439
3355406
3390769
3338325
3384036
3337456
3687375
3415441
3413754
3360355
3387172
3346830
3379310
3374590
3443135
3711004
3682680
3337179
3375034
3349563
3376846
3373482
3373316
3344151
3403265
3315352
3402582
3345865
3377267
3354292
3380816
3339148
3446340
3327938
3381886
3327720
3397053
3328472
3397093
3378364
3376156
3332104
3373808
3315444
3376463
3387024
3362789
3303743
3527944
3349994
3363199
3295191
3382773
3297015
3346975
3272076
3338749
3295692
3406434
3313716
3472002
3296627
3358257
3300112
3367895
3330622
3336850
3297580
3339468
3455644
3352174
3486885
3446151
3290379
3378501
3294172
3347429
3295260
3335262
3250074
3329172
3292770
3336633
3285033
3355386
3292746
3328183
3333695
3326855
3307278
3347867
3314203
3393208
3293651
3350036
3300659
3391432
3308690
3591708
3336529
3378903
3240557
3334897
3273570
3305967
3261162
3296081
3288981
3334488
3276338
3315241
3249310
3322822
3314683
3301001
3335970
3303630
3290222
3316776
3276059
3304339
3273734
3351595
3291651
3280323
3302637
3256364
3254487
3273011
3278709
3269263
3285393
3292065
3283439
3302735
3314985
3289023
3278477
3301797
3267866
3460902
3299055
3295980
3275048
3288557
3287786
3292185
3246775
3361674
3211760
3308222
3239886
3297459
3289746
3319072
3243314
3260312
3240658
3291255
3238453
3265878
3323167
3350406
3252862
3284704
3256123
3259742
3216693
3278576
3224971
3247052
3256231
3283466
3257221
3275499
3248924
3263791
3267728
3252208
3227752
3254283
3257316
3256342
3230016
3256369
3513405
3318933
3329940
3282792
3224892
3271469
3248678
3262278
3223485
3263379
3273008
3287843
3277231
3294503
3255812
3271468
3223072
3257544
3233439
3290337
3240413
3285668
3229416
3250884
3267064
3298203
3242728
3250523
3321406
3261181
3238220
3638854
3256442
3241329
3231421
3278346
3221457
3236049
3217280
3281075
3192755
3227308
3221015
3231181
3187385
3237471
3161196
3354915
3236581
3319134
3204818
3233040
3219903
3228817
3209500
3236556
3211731
3244583
3191478
3232799
3196654
3202023
3186741
3253984
3199549
3222709
3200724
3226001
3207766
3228227
3327290
3239619
3190213
3225055
3178697
3233459
3220548
3217458
3195073
3220043
3234857
3289316
3326254
3288830
3200448
3197931
3201950
3198052
3222916
3202634
3199024
3211177
3203073
3315219
3271401
3247273
3201080
3220940
3205017
3227936
3201429
3223920
3205991
3245502
3271961
3218988
3264602
3217454
3228936
3213538
3204443
3216887
3134653
3170535
3154047
3176915
3193512
3206678
3165573
3288670
3170097
3214146
3238964
3205784
3168280
3193621
3161433
3258258
3153377
3237978
3182264
3178585
3250052
3191869
3166336
3197320
3158693
3272243
3177987
3258421
3241939
3188583
3185129
3207745
3171865
3280279
3488874
3236134
3173580
3189977
3140700
3193662
3153791
3197664
3132602
3195462
3139774
3197973
3147999
3208583
3193683
3180990
3164660
3213209
3142954
3202282
3167223
3225731
3180570
3193559
3134407
3244430
3179453
3203423
3156963
3196863
3153840
3185012
3191043
3179003
3178767
3189106
3241722
3209005
3156366
3204504
3147864
3275724
3595990
3186655
3869275
3228376
3173198
3172458
3162364
3269755
3169910
3226176
3146348
3175421
3121053
3191806
3112212
3164330
3176893
3169256
3130892
3145089
3136985
3163523
3177904
3150778
3156369
3162038
3233510
3176545
3142846
3183431
3141832
3247826
3117913
3170474
3156919
3199021
3128898
3173265
3142034
3199747
3138385
3139773
3167318
3154352
3243842
3204526
3140127
3175342
3242345
3298709
3144457
3154810
3152281
3161955
3118627
3161280
3080192
3174221
3085213
3154300
3112472
3156322
3251919
3161754
3104045
3139650
3125683
3229784
3253977
3159773
3292924
3159817
3176256
3161057
3110193
3202897
3131730
3164650
3110055
3168773
3143596
3158728
3120683
3178149
3128169
3177237
3127501
3160062
3244097
3158014
3100575
3146953
3120812
3212716
3443098
3224315
3126890
3123071
3047976
3151739
3099244
3197793
3086567
3107415
3089583
3086206
3170915
3110624
3097127
3110112
3120931
3159289
3072771
3136861
3134365
3126885
3064617
3119668
3069145
3168000
3095022
3101477
3089053
3099224
3083351
3124481
3084589
3129444
3085998
3127382
3055835
3120454
3151979
3114892
3091374
3119391
3095025
3170744
3096867
3131539
3131196
3109261
3081584
3112003
3073438
3144181
3060085
3116107
3089848
3174246
3128907
3130875
3088413
3114238
3134855
3112397
3060109
3105628
3162880
3157649
3064635
3130365
3065653
3166376
3101690
3107318
3109161
3192311
3083069
3101658
3070243
3125711
3069785
3116460
3145801
3113456
3105207
3117846
3039968
3122421
3077440
3139908
3082165
3124566
3137060
3095963
3081775
3125744
3072442
3309064
3167684
3169768
3159480
3123168
3096784
3122318
3072266
3137323
3083966
3139371
3074999
3098995
3109753
3068478
3046010
3072872
3067436
3140301
4345970
3115226
3040079
3087564
3109972
3074384
3053715
3099342
3069448
3144108
3068101
3078060
3115375
3091007
3042247
3090283
3038768
3135575
3052532
3070875
3125041
3075759
3044147
3107815
3045622
3148204
3059017
3178502
3072151
3144135
3132959
3094777
3038949
3101574
3058401
3145769
3064700
3078937
3213091
3072385
3045280
3090171
3045827
3145131
3005036
3083172
3076123
3079302
3054328
3059603
3054530
3116433
3067281
3059758
3085873
3108075
3044045
3073622
3029199
3094429
3018485
3060620
3041162
3065263
3082345
3058479
3037402
3060364
3027581
3110629
3011703
3394790
3111467
3079451
3020111
3137438
3094663
3111100
3080348
3083588
3059676
3048959
3045789
3077861
3048074
3083272
3044182
3067394
3016583
3076052
3056054
3110257
3028367
3143945
3001501
3102659
3025158
3065075
3089511
3063151
3021426
3079499
3010928
3118396
3042822
3069023
3056713
3044093
3041696
3074194
3020264
3099558
3041493
3649399
3017045
3034006
3064733
3037760
3038684
3035844
3173415
3047123
2992640
3018667
3068384
3036152
3002197
3038595
3005478
3252413
2988917
3059613
3065934
3045097
2992314
3039121
3278874
3086118
3007947
3039273
3072447
3052338
2988889
3067410
2969851
3077961
3003790
3019525
3025481
3026549
3020973
3037649
2998382
3060475
2976447
3062044
2984733
3078317
2978819
3038665
2989786
3076353
3011658
3056721
3016504
3045438
3053501
3041716
3026854
3140519
2994885
3206519
3067837
3102976
3031345
3019552
3023466
3065228
3018469
3062284
3013896
3045181
3005311
3058133
2999600
4815712
4725183
3189934
3049388
3022536
3031002
3036268
3024400
3069963
3030753
3040951
3062653
3047260
3003965
3329848
3015549
3092198
3019128
3031231
3020032
3032063
3013341
3048618
2986839
3123257
2967884
3281406
2974446
3201814
3030509
3036398
2996733
3043025
3219350
3151076
3012971
3037768
3099504
3068897
2993806
3049809
2988978
3106842
3008436
3021019
3053908
3032220
3005138
3047384
3028468
3081624
3069647
3050220
2993742
3043040
3015909
3021552
2980073
3082055
2980773
3010989
2959576
3030480
2978436
3083627
2974045
3009142
3009617
2992840
2989662
3087162
2961263
3007810
2970587
3031484
2954632
3011321
2938620
3001629
3061681
2997184
2974939
3003752
2975817
3121273
2952134
3009672
3035833
3007673
2971580
3006564
3039554
3064372
2983770
3015556
3037781
3041101
2966501
3009341
2970908
3085115
2986727
2989060
3046822
3056706
2989933
3004165
2973101
3066775
2930396
2997625
2982202
3003957
2986504
3005588
2973729
3041078
2968852
3009866
2964344
3641398
3021534
3023173
2964194
3008255
2979390
3005753
2991634
2985299
3041226
3019134
3058106
3021909
2947603
3117533
2961945
3075950
3283214
3015640
2983989
2994761
2955538
3080347
2951862
3033789
2992905
3019612
2938120
3002522
2978054
3040794
2978197
2994081
2995807
2990047
2992614
3001184
2954909
3018988
2952867
3020056
2974103
3002794
2975713
2988498
2984439
3004704
3047793
3010649
2948294
2997619
2979625
3015577
2981930
2985450
2983158
2999600
2992564
3006069
3024063
3010195
2953232
3017693
2956069
3032092
2978626
3182364
3065107
3005871
2981081
2985767
2969575
3077420
2970325
3026311
2988047
3003013
2974365
3011927
2978284
3016852
2999437
2984050
2997454
3005550
3000737
3011370
2959458
3013308
2953050
3035166
3001473
3007139
3045535
2993081
3011707
2981695
2899821
2982602
2923535
2958074
2987881
2968626
2926362
2959857
2939457
3022122
2945941
2963261
2972221
2962880
2945282
3160323
2996433
3071718
2937280
2950322
2942582
2985802
2948197
2963808
2904415
3048062
2910128
2937118
2970561
2948160
2908189
2957143
2916839
2994654
2926688
2950536
2930978
2957950
3655411
4702375
4649464
3000213
2939736
2964034
2944606
2959321
2976644
2969473
2943398
2959124
2926389
2958985
2912363
2958997
2892694
2961207
2939827
2972467
2943763
2976188
2914349
2957642
2904697
3013366
2935696
2939505
2951096
2962616
2941001
2971644
2891643
2986373
2895046
2965120
2918348
2936283
2921054
2963530
2907657
3026134
2912625
2969515
2914827
2957895
2921177
2953849
2934365
2960457
2906711
2952277
2905634
2953548
2930765
2947990
2933019
2944606
2905111
2949694
2945081
2944603
2919669
2937213
2893270
2964361
3101054
2969855
3174944
2957913
2942007
2967881
2880843
2985271
3406784
3126424
2969356
2995864
2985375
2955316
2969207
2992225
2943717
3297633
2943297
2988291
2973195
2970709
2921339
2974483
2934814
2992396
2923141
2963701
2952414
2971068
2949855
2973962
2916285
3047607
2936905
2962860
2995869
2952518
2961855
2952555
2942272
2976455
2911621
2949916
2909742
2942079
2925214
2947325
2933937
2970571
2912516
2964077
2907919
2967854
2941310
2948838
3430579
2961023
2932598
2967718
2920423
2965997
2964059
2972495
2912818
2980429
2897628
2938136
2916560
2970146
2997809
2982891
2918986
2990804
2902477
3113887
3553174
2945844
2979209
2918711
2924365
2938482
2903885
2997452
3128455
2923489
2922740
2930093
2914527
2911711
2900599
2956410
2892286
2953031
2901529
2945459
2899902
2920220
2902811
2993517
2907630
2934385
2983889
2965006
2903921
2952001
2903839
2939486
2923566
2916477
2921559
2922344
2892220
2944174
2873483
2958781
2896462
2915164
2888221
2930288
2890823
2927498
2882165
2943978
2895286
2911567
2921180
2914613
2899596
2927928
2865982
2945790
2900296
2916295
2938892
2956704
2894682
2930730
2873359
2949769
2900282
2945869
2924047
2917399
2955075
2947540
2904409
2952138
2869517
2922171
2995197
2922491
2898313
2955615
2912926
3026133
2908764
2969910
2975551
2967060
2944528
2936780
2914531
3011879
2899769
2946941
2967331
2982669
2907088
2962443
2922593
3056609
2967123
2940338
2958742
2960221
2902670
2971299
2915223
3003701
2896800
2909420
2876562
2904129
2872647
2949756
2876459
2960344
2859691
2912013
2895714
2907384
2891660
2898626
2856089
2962361
2865959
2917320
2920898
2902937
3123947
2923667
3002317
2921558
2891983
2915462
2912057
2930429
2865798
2904339
2878665
2950118
2874109
2903576
2883663
2912868
3232568
2967906
2905238
2918399
2883150
2886405
2902260
2895170
2885544
2915530
2863406
2934520
2865678
2909149
2872584
2883414
2886520
2907303
2869982
2921032
2855611
2919742
2927698
2907017
3086339
3315676
2905605
2939901
2871894
2937638
2876524
2912320
2943846
3210063
2982663
2940893
2888487
2973221
2905778
2936424
2936059
2936650
2863465
2944195
2887452
2958765
2911555
2966751
3022291
3036378
2886966
2958945
2887629
2993446
2901412
2917186
2973685
2946780
2874780
2980891
2883432
2991485
2884480
2921622
2941535
2912639
2955387
2910973
2905062
3004718
2879061
2925444
2924884
2938294
2906257
2946422
2874495
2975101
2855925
2892607
2967887
2910119
2851672
2916399
2876732
2931089
2896984
2917752
2893366
2888875
2860947
2922251
2859730
2943854
2867561
2904034
2880881
2891223
2928152
3136202
2835329
2945188
2873849
2953500
2896970
2879255
2873409
2909031
2828799
2947031
2858561
2895597
2905774
2896797
2889613
2958377
2882372
2972709
2847764
2916830
2914604
2916004
2898797
2907025
2861340
2977398
2849589
2917712
2941263
2908461
2861215
2915017
3119790
2952696
2907434
2931218
2867878
2928059
2862249
2908878
2894559
3005468
2892991
2918540
2951923
2914767
2876540
3045857
2870782
2966652
2866644
2912278
2896641
2923044
2870320
2920528
2880600
2927622
2896078
2911093
2906220
2922300
2883103
2929546
2866888
2925068
2869028
2906979
2886414
2912096
2886047
2972837
2839032
2943167
2898108
2904209
2904007
2909030
3032267
2928398
3087654
2967812
2900754
2961991
2917286
2921967
2882394
2922224
2892014
2922407
2857342
2949471
2874425
2905904
2919771
2905709
2881007
2909870
3030934
2923224
2888295
2905944
2886292
2959944
3149809
2898845
2870551
2916698
2869987
2893998
2855739
2898942
2876923
2891563
2850452
2913585
2871916
2960377
2860004
2932626
2837458
2906972
2842070
2883696
2851999
2961573
2888921
3129959
2855839
2918539
2859481
2904573
2887611
2888858
2884082
2895273
2840184
2910465
2844001
2914565
2865511
2885282
2859735
2893319
2884957
2903231
2847428
2912299
2861855
2913691
2885374
2885754
2886161
2913510
2849838
2901439
2849569
2889452
2863444
2871606
2873052
3440645
2897093
3403076
4700169
3075055
2985319
2979384
2910245
2882752
2945345
2890430
2900284
2904947
2844924
2943621
2864313
2909125
2933659
2879243
2859291
2909515
2854597
2952332
2847824
2917821
2901648
2882888
2866936
2891890
2848611
2983315
2857711
2893748
2879644
2897148
2839191
2932943
2855477
2906468
2871835
2888809
2919231
2907009
2843649
2996390
2871849
2906411
2855164
2886816
2884705
2908988
2885651
2912022
2856834
2905284
2858918
2885018
2873438
3003450
2832805
2985255
2880531
2908117
2860748
2888446
2884008
2900588
2862366
2913900
2817549
2997808
2877679
2961193
2870803
2902288
2870262
2881027
2893571
2939611
2852449
2903549
2866644
2919844
2851856
2921091
2863554
2956111
2850043
2900206
2884361
2937867
2892365
2901883
2870614
2924387
2874173
2897671
2921702
2896021
2822087
2912475
2853694
2911449
2874062
2889987
2863514
2904157
2878054
2916376
2820973
2955335
2854797
3164378
2993884
3009254
3048156
3046718
2962443
2943959
2877621
2956624
2869222
2900266
2942699
2982002
2851954
2908262
2856252
2973036
2872812
2881168
2927149
2926275
2904923
2912034
2821997
2991948
2947649
2898363
2925926
2890292
2869134
2907484
2870317
2955902
2832565
2898323
2929639
2891146
2871193
2890802
2844057
2964297
2848957
2897624
2914674
2950407
2902358
2901453
2858877
2927696
2876296
2900481
2902359
2895360
2926802
2903098
2855238
2922585
2887276
2898617
2884008
2891723
2827806
2903828
2856840
2940612
2857978
2994642
2897609
3180703
2962685
3182365
2831012
2984303
2849885
2908521
2866066
2882382
2872801
2906881
2856477
2950828
2959661
2902900
2853459
2887039
2866745
2887674
2854511
2913055
3003075
2916258
2860387
2905778
2863970
2900531
2874720
2910997
2875511
2894772
2879080
2886015
2857683
2892229
2867257
3346806
2877789
2900897
2879344
2938246
2917670
2924956
2848867
2923480
2912679
2955002
2882949
2913832
2949590
2878558
2952319
2975872
2864372
2954940
2861301
2921477
2939682
2889119
2878376
2852490
2848139
2929249
2816452
2857211
2897235
2861687
2849124
2949103
2841929
2920670
2828606
2876144
2881618
2864963
2885969
2856777
2832610
2913763
2843378
2865881
2875931
2882185
2817369
2902031
2837825
2917420
3144078
2858086
2918628
2872279
2788409
2883088
2836111
2925915
2861147
2846058
2904035
2871663
2845108
2864154
2819528
2916445
2828613
2840391
2905329
2862665
3209244
2916254
2867190
2923600
2840103
2876286
2827227
2902557
2840731
2853570
2845972
2884353
2846828
2879091
2871511
2866903
2859990
2866389
2845578
2880982
2841109
2874004
2825589
2880959
2812842
2860676
2955735
2919696
2842624
2858990
2859337
2875472
2825604
2875061
2889130
2876728
2848488
2895391
2865455
2868881
2904391
2882146
2815021
2905683
2833911
2856015
2936403
2911258
2831783
2865483
2831650
2893089
2857407
2900296
2900784
2890397
2893578
4177448
2867187
2888202
2888370
2887268
2818386
2872443
2836540
2856949
2807092
2869684
2812435
2885704
2805428
2877176
2837979
2880605
2832130
2856639
2839999
2891075
2841739
2877230
2850383
2878788
2842828
2869023
2880222
2891671
2849966
2884613
2954879
2868220
2809416
2872806
2829555
2968707
2829245
2865740
2820931
2879890
2793362
2864596
2818144
2895621
2928398
2849174
2865277
2876494
2838442
2875387
2805154
2930039
2826834
2851358
2853373
2866826
2834177
2859906
2815121
2911743
2834758
2878801
2856885
2849923
2830087
2867104
2847041
2927456
2874353
2880221
2892172
2877765
2829358
2854088
2865505
2902070
2911542
2859381
2805802
2849902
2832922
2901427
2813153
2853980
2809890
2848269
2806036
2859281
2864934
2849994
2821897
2849628
2822860
2852337
2819500
2873042
2810106
2858523
2794413
2864683
2855712
2912819
2822270
2863585
2801413
2852541
2810070
2901254
3042187
2855106
2905005
2856434
2808272
2863044
2816201
2882994
2823757
2852843
2827106
2850906
2991050
2864051
2828510
2872092
2808567
2869155
2828546
2856503
2836919
2863404
2909522
2871059
2817640
2857516
2815910
2851529
2844797
2838211
2826103
2872377
2808105
2869584
2864929
2861685
2833250
2840943
2832201
2869835
2804810
2863034
2828943
2880248
2797072
2854384
2834898
2861445
2816853
2931347
2820047
2873590
2969764
2893074
2895759
2863275
2830867
2846288
2834164
2904453
2815968
2870585
2828684
2881815
2804336
2838361
2862801
2853492
2808480
2859457
2817237
2864525
2807980
2846030
2852673
2868089
2823927
2857340
3153447
2905687
2808564
2869294
2834203
2849129
2840599
2859601
2855288
2859014
2808510
2975670
2918044
2837622
2811898
2853761
2849912
2878896
2791863
2890314
2890543
2868082
2901380
2849273
2834481
2939730
2829195
2859366
2810969
2849402
2828149
2846581
2814382
2859459
2838833
2857542
2818459
2879599
2821365
2852307
2829776
2860305
2837975
2876559
2835636
2867746
2981226
2900072
2820641
2867305
2828430
2838608
2833552
2849189
2846080
2859163
2797778
2878064
2840727
2848550
2818971
2860604
2861971
2867824
2800228
2853767
2969063
2853182
2818085
2858493
2824168
2862988
2802042
2852037
2853850
2843271
2829010
2856219
2835820
2869288
2797120
2877175
2832904
2852224
2838161
2863328
2832615
2865389
2803964
2864365
2807926
2862499
2827951
2912089
2861400
2858113
2822712
2862953
2809749
2849817
2837546
2854988
2824864
2860362
2817492
2835884
2777277
2840017
2767218
2810782
2802727
2809163
2799261
2848132
2810026
2820589
2774396
2857789
2802601
2807608
2782901
2832548
2959741
2848523
2793731
2827324
2785746
2819956
2796216
2824038
2799592
2837255
2773735
2842618
2816644
2820018
2765111
2822184
2797478
2826627
2769390
2837390
2782639
2800532
2791606
2852820
2780473
2824890
2804072
2842884
2795324
2821664
2778472
2859713
2966049
2816382
2811329
2838484
2778670
2816042
2794067
2889182
2773915
2832052
2815986
2827843
2779030
2825478
2783072
2877332
2793918
2820332
3283388
2926620
2788633
2829839
2796384
2881425
2788553
2833490
2847318
2830320
2771228
2819042
2777424
2859442
2799968
2900108
2866593
2850814
2791139
2832234
2773926
2861032
2813749
2822866
2864005
2823496
2777216
3064532
2792704
2859683
2788021
2809262
2845752
2819714
2760042
2827843
2781685
2803494
2789315
2806261
2821022
2825577
2808760
2946492
2884191
2912576
2925468
2925296
2958412
2825143
2822916
2848011
2826434
2895330
2760878
2850199
2841333
2832106
2820436
3125091
2811518
2878428
2815425
2848691
2860704
2830296
2837764
2831038
2796201
2836204
3406156
4480264
2812765
2850164
2829977
2818881
2808434
2830583
2779093
2838553
2799387
2824413
2799456
2820864
2789267
2822420
2773458
2848348
2795748
2836867
2863432
2810643
2796550
2834970
2783230
2854042
2798118
2810166
2818360
2819518
2762173
2839501
2777199
2856668
2791195
2810604
2830347
2828990
2766518
2832070
2774561
2819420
2803849
2814796
2857012
2823203
2787887
2829684
2759700
2828296
2854462
2935792
2855978
2827343
2796548
2839600
2779036
2829047
2810054
2818658
2800213
2823693
2794842
2836026
2790632
2833524
2796680
2811700
2828909
2830221
2876020
2833817
2754689
2843592
2863076
2860442
2786227
2923401
2788206
2842175
2791783
2816557
2803839
2825027
2839253
2827987
2763719
2813483
2815868
2849275
2808804
2836421
2779617
2820161
2796321
2808517
2783888
2817378
2777707
2833979
2769908
2836544
2776782
2810216
2815581
2819966
2789225
2828948
2783744
2822243
2751755
2847838
2785736
2807983
2801947
2822198
2779312
2830698
2791839
2895024
2801713
2819339
2807812
2814815
2920852
3015683
2788925
2959766
2789028
2815449
2802236
2819932
2769414
2811512
2776415
2858112
2790283
2805249
2832677
2833189
2749597
2819782
2819392
2865109
2798141
2785781
2814967
2815813
2763563
2815557
2777614
2842537
2821379
3428621
2841445
2809471
2795219
2828079
2750689
2896691
2771058
2805663
2832382
2867571
2794257
2818089
2761722
2874689
2787322
2795249
2843449
2819815
3165565
2839239
2782826
2850123
2799559
2844952
2851697
2827249
2782763
2837336
2753854
2830481
2791270
2799734
2836642
2823171
2780809
2833868
2770350
2815358
2789666
2815235
2783215
2815151
2783270
2840640
2775366
2820703
2804680
2805188
2795328
2852549
2785384
2848890
2775479
2827621
2781802
2808325
2782369
2840273
2783665
2833416
2752541
2819493
2784403
2807912
2792229
2819510
2786967
2846336
2768752
2834201
2775462
2828247
2770518
2806937
2792015
2824317
2769085
2835103
2807658
2799848
2789042
2799841
2790988
2860800
2770288
2813047
2803109
2938947
2811324
2828533
2792064
2889177
2783148
2816141
2820143
2805077
2791402
2826052
2782160
2846121
2764186
2819626
2817612
2796972
2812843
2829076
2795843
2826987
2781275
2820275
2795784
2802685
2794046
2846840
2755219
2843625
2772213
2876582
2808243
2799516
2812136
2821049
2788480
2822019
2766326
2843758
2771067
2799055
2797136
2833664
2766036
2882846
2774582
2834681
2791946
2838663
2788644
2852342
2765973
2816855
2803514
2793502
2783252
2822976
2796352
2845860
2769309
2822497
2771051
2806073
2800720
2827793
2768439
2844377
2836076
2862862
2840883
2830059
2798680
2806414
2785266
2887945
2760877
2815953
2825676
2793409
2790969
2823079
2804413
2851101
2773674
2830742
2804536
2891343
2765788
2822043
2775251
2867659
2774112
2826480
2888264
2838108
2846141
2810697
2823772
2854265
2790272
2813705
2801132
2818837
2788685
2804094
2821004
2820544
2794073
2820045
3439425
2861040
2746191
2825935
2765163
2857840
2789496
2823276
2872159
2820380
2750525
2828795
2755989
2798313
2780432
2829127
2839167
3199298
2784504
2829127
2827689
2918282
2807465
2794348
2838995
2821835
2799982
2830600
2886538
2881373
2754881
2822376
2864172
2815624
2772397
2886220
2766829
2872464
2753049
2833572
2848522
2818289
2771764
2812431
2765491
2816084
2768748
2806880
2838788
2809683
2790419
2810713
2776405
2833562
2768174
2821745
2806934
2795066
2802541
2826256
2784278
2847597
2794617
2809558
2779382
2814163
2794646
2821458
2796002
2813529
2804465
2798555
3158690
2812373
2804605
2829717
2750017
2837504
2777542
2790949
2726987
2807302
2738675
3060445
2718230
2802214
2751776
2777222
2759842
2789468
2746598
2802637
2818471
2780672
2815822
2764580
2761114
2790270
2749766
2856085
2737584
2831911
2816641
2765961
2760713
2788203
2745119
2809821
2794636
2766063
2815379
2782760
2760689
2787547
2742878
2787205
3154820
2926642
2893948
2863184
2757527
2815931
2768982
2790874
2745643
2800978
2804872
2775466
2788868
2809287
2773696
2776947
2734413
2805990
2747963
2782221
2741528
2802835
2734409
2803300
2742385
2816560
2760068
2767986
2769473
2801595
2748094
2801667
2785805
2780155
2768864
2782716
2753463
2818470
2749414
2797660
2767751
2785046
2771225
2764852
2758901
2811278
2736745
2794178
2765140
2781375
2760915
2930005
2980210
3062941
2852544
2793222
2808893
2800097
2736514
2783906
2772734
2826648
2767850
2799203
2782036
2793775
2750277
2770840
2758365
2850006
2800222
2788978
2823137
2799195
2742706
2775262
2753747
2821937
2729575
2805187
2800693
2777063
2759111
2774677
2756572
2783930
2765088
2795988
2752794
2775618
2780347
2788525
2739608
2783658
2737266
2793836
2734236
2769497
2976215
2800123
2771851
2804089
2741325
2801913
2739886
2779424
2772075
2780938
2764518
2792102
2747159
2817245
2753256
2772876
2732127
2793540
2785194
2820119
2726076
2800544
2755785
2773343
2775752
2802555
2751696
2793023
2759538
2797002
2759791
2780030
2761088
2804982
2760166
2787592
2799621
2769056
2779249
2825817
2761274
2822245
2738450
2801592
2773587
2777793
2785521
2811450
2762868
2816191
2748683
2790807
2759781
2762980
2772882
2802097
2764473
2787526
2742276
2790146
2766427
2810179
2765746
2779810
2750965
2789674
2724356
2791767
2768213
2771069
2763987
2789708
2764209
2795936
2884022
2913632
2940262
2954896
2989273
3040923
2995543
3087034
2972747
3027703
2989665
3006064
3004947
2996063
2923774
3022351
2970072
3028846
2974217
3002318
2928440
2989980
3010560
3057885
2983050
3435119
2939489
2938916
2952838
3067715
2836377
2869311
2890750
2789814
2772920
2792420
2740481
2851838
2770872
2786148
2813500
2775755
2759861
2791464
2763244
3257584
2739758
2804744
2789903
2811489
2744300
2818786
2774408
2786146
2766970
2780752
2807158
2809461
2791103
2790661
2761276
2786880
2751263
2791717
2769584
2804342
2755280
2782704
2758710
2791126
2797484
2784786
2768055
3036509
2774839
2788409
2761785
2804926
2794875
2814834
2720901
2800939
2743056
2789980
2739858
2792918
2772589
2800814
2751886
2799921
2766859
2801975
2730519
2795575
2761786
2801142
2810824
2795066
2752660
2811285
2738612
2788823
2759809
2848077
2743202
2800939
2775270
2799102
2760823
2811317
2748691
2790527
2750772
2779268
2758665
2886850
2769406
2804051
2772738
3018924
3160719
2805311
2761827
2798428
2742270
2807289
2752769
2801792
2767187
2786478
2784352
2798357
2751354
2790537
2883228
2793549
2763065
2789029
2757514
2793552
2744404
2789482
2728747
2802582
2729721
2810742
2748025
2787852
2771696
2787979
2739509
2791800
2765071
2989839
2766305
2785018
2750322
2789609
2738436
2788863
2758602
2782064
2758725
2780264
2758256
2804523
2720904
2788579
2747324
2789647
2760239
2782910
2796800
2794323
2749553
2778218
2756365
2846939
2758310
2790079
2801509
2780342
2974403
2784067
2765779
2845427
2742010
2795041
2782534
2799671
2741023
2784068
2756682
2787778
2728619
2785516
2739438
2783317
2764012
2782164
2758494
2780973
2751520
2788912
2780089
2789453
2757988
2773668
2725454
2785180
2751090
2896664
3377302
2787964
2755462
2783176
2736301
2784997
3084015
2850430
2730203
2792384
2748445
2774783
2754294
2788297
2730603
2786473
2733498
2820932
2761715
2812538
2746929
2782089
2790800
2769282
2717933
2777678
2734649
2843807
2764109
2776934
2758207
2776805
2722512
2777826
2760418
2836124
2701011
2998282
2806259
2765374
2743861
2776836
2756288
2774886
2737978
2784950
2754071
2773279
2753840
2794653
2758107
2778350
2724319
2777834
2771411
2777640
2826967
2996346
2718429
2803400
2723899
2781296
2763043
2766747
2758473
2782189
2752968
2793355
2733846
2783039
2742374
2769034
2745532
2832271
2738814
2776899
2790470
2759644
2734069
2777428
2762676
2845094
2742168
2788636
2813789
2757393
2770547
2791064
2749021
2835221
2740394
2776877
2803495
2770551
2764050
2782709
2717011
2823716
2728274
2781682
2834512
2789714
4334344
2862570
2848848
2784263
2747078
2803225
2752825
2791357
2752668
2783763
2749885
3446615
2752169
2802110
2747645
2781708
2738889
2759307
2760016
2791574
2739970
2860251
2753578
2780001
2738846
2772897
2750703
2820701
2741138
2784336
2764360
2773803
2764502
2778911
2759355
2846655
2722854
2792681
2771073
2767043
2755194
2775556
2742575
2830737
2757333
2768689
2823884
2789020
2744242
2776949
2733100
2835051
2753526
2769795
2814497
2767552
2867876
2792571
3294933
3245297
2828904
2800519
2781073
2790187
2759092
2773015
2736161
2844400
3065570
2799624
2786391
2787665
2736996
2772257
2769685
2824835
2736506
2783994
2778726
2789083
2756540
2771737
2770579
2848480
2752157
2810158
2738347
2809110
2761959
2780859
2740324
2792231
2741590
2789635
2771800
2767395
2788126
2796606
2806837
2807779
2734768
2781133
2765573
2778295
2730200
2841184
2736536
2806720
2758858
2924945
3076195
2785490
2776689
2819136
2747451
2892671
2745454
2816282
2729875
2779189
2729370
2838519
2764807
2786570
2792939
2795475
2738531
2772212
2757649
2840095
2721395
2797142
2851962
2786678
2772567
2792611
2741494
2835837
2729649
2792370
2793561
2786293
2757336
2778083
2757175
2800936
2766777
2788165
2777465
2785332
2738114
2779680
2774476
2788617
2762765
2811526
2759865
2874419
2750481
2787664
2757696
2799955
2747713
2790376
2745197
2792880
2760863
2787863
2758203
2778279
2891214
2803134
2743241
2788986
2767787
2774465
2755242
2792319
2789077
2783990
2749669
2800416
2835983
2781948
2731927
2798911
2744163
2785225
2732593
2809232
2765610
2822468
2786881
2783208
2729427
2794123
2743903
2785957
2728344
2844873
2729072
2785066
2797949
2783244
2742308
2779901
2751858
2831254
2740980
2776810
2799777
2791853
2744680
2772057
2735416
2778241
2781582
2783804
2791789
2773106
2736088
2789982
2736003
2783467
2732542
2772066
2749572
2771284
2756101
2783127
2756097
3403047
2748286
2782705
2739132
2774772
2744141
2774784
2754521
2775697
2720116
2794963
2719701
2779167
2733082
2819376
2752643
2775656
2777315
2797091
2723858
2765456
2764004
2844140
2728725
2778025
2920752
2841579
2948530
2781366
2732922
2819900
2760009
2793491
2783023
2810568
2724572
2796377
2723507
2836017
2737713
2801567
2798958
2782641
2735956
2786176
2741069
2832389
2751468
2789105
2780381
2784666
2735613
2770700
2754537
2829020
2739289
2791985
2790843
2791085
2800092
2785100
2759074
2791658
2756686
2777568
2755124
2777050
2756133
2783505
2764046
2781538
2765468
2800130
2736260
2806537
2725078
2799532
3026919
2778981
2770424
2786044
2751312
2791229
2768399
2839739
2765533
2782130
2768959
2783501
2744351
2783885
2767512
2804465
2757948
2778475
2752070
2785116
2739329
2785637
2761235
2791904
2752677
2766486
2756658
3064981
2752012
2783463
2746753
2824374
2717018
2778353
2731241
2791970
2708503
2788327
2765757
2844996
2744532
2783971
2920370
3396828
2725579
2799156
2737191
3053534
2756459
2773218
2760054
2782255
2745994
2781433
2747263
2832777
2750135
2775990
2797307
2789826
2750685
2791094
2733401
2839016
2748574
2774529
2812721
2779153
2732173
2795995
2875519
2839251
2764797
2774022
2814203
3011256
2764942
2805125
2743950
2850529
2758258
2765626
2803602
2781920
2751881
2775477
2742986
2791982
2729774
2865390
2876042
2797004
2738047
2785606
2897135
2784036
2759822
2776365
2739036
2783322
2733163
3391314
2708614
2789215
2727693
2765359
2724827
2785087
2757179
2788029
2742242
2802350
2746454
2755977
2754678
2881439
2784369
2787410
2748780
2778059
2748290
2767309
2751296
2796592
2747227
2838689
2732691
2773471
2752552
2753121
2756351
2787717
2709652
2845648
2724927
2758835
2772480
2775988
2753222
2790135
2718511
2856015
2738888
2788701
2986386
2860524
2892220
2804880
2856078
2829509
2720875
2899837
2740833
2808122
2757511
2768702
2762890
2845395
2745932
2787567
2807640
2880439
2860025
2869597
2796683
2814294
2764704
2783769
2806173
2780897
2766156
2785865
2774660
2829360
2759705
2804550
2794307
2806641
2901007
2809031
2752782
2845761
2775258
2786611
2795545
2781393
2746663
2790089
2748329
2825735
2826634
2796199
2796813
2781989
2754930
2779664
2753110
3189262
2807598
2793664
2836344
3209809
2741148
2798832
2765883
2842997
2765228
2669126
2776032
2623285
2717284
2638640
2736030
2611078
2731560
2629476
2717669
2634104
2742632
2616084
2710543
2623023
2722427
2707810
2735836
2614939
2727139
2906328
2728688
2644377
2769676
2612643
2706603
2625430
2726345
2677260
2717093
2620429
2613030
2627305
2694796
2635760
2575499
2624813
2758696
2636205
3188008
2636468
2778986
2666765
2760894
2701362
2734372
2633944
2748462
2657028
2711015
2644645
2764936
2701755
3069192
3006983
2721071
2657290
2815011
2675282
2701131
2852016
2815496
2951301
2782664
2643951
2759775
2706486
2693082
2788809
2715412
2759969
2703889
2833031
2723477
2648494
2725702
2624989
2746177
2726237
3278932
3652618
2813615
2649527
2708926
2642057
2726327
2613592
2690099
2769731
2710833
2667258
2556164
2648633
2733052
4005592
2727877
2703454
2743354
2741198
2758745
2641638
2721501
2928724
2730417
2672095
2728970
2615216
2726267
2637028
2571226
2655076
2721107
2613424
2732476
2637915
2756541
2648711
2737436
2627823
2788822
3464201
3276073
2708863
2760161
2649717
2720478
2663856
2750365
2643948
2784849
2633491
2718600
2633375
2715903
2662538
2731280
2657335
2588448
2614379
2703859
2637244
2715060
4117554
2835819
2647064
2701562
2634343
2733368
2691171
2765821
2662190
2668173
3097831
2704123
2729488
2758303
2616173
2733307
2624257
2713751
2835806
2686385
2608067
2777031
2629393
2705257
2635788
2723350
2609378
3734668
2869297
2781425
2624613
2742999
2679130
2723553
2666753
2567959
2859374
2738068
2673278
3031449
2640223
2737748
2648574
2674931
2614101
2741341
2622696
2590049
2636243
2670808
2765530
2698488
2871951
4074226
2682358
2765123
2677440
2730331
2621076
2726301
2635447
2705932
2607212
2774852
2637871
2726597
2676875
2706519
2638528
2753516
2627025
2703524
2636442
2711084
2650547
2726735
2623529
2725212
2628381
3326712
2653846
2700960
2773396
2718371
2743302
2710324
2794931
2690106
2784265
2742642
2744724
2745397
2765217
2728044
2818536
2825132
2781701
3003558
2666325
2745702
2637518
2761616
2630949
2719449
2751651
2762958
2619318
2807874
2646540
2707746
2639594
2724123
2615501
2741457
2619318
2678028
2755197
2727734
2636821
2719493
2633614
2751197
2622455
2716381
2610142
2722729
2628960
2707806
2651689
2725485
2608479
2713395
2628717
2704626
2637691
2765474
2612947
2720157
2643616
2727726
2691193
2688408
2615458
2725362
2655358
2729129
2620509
2736882
2674185
2696353
2642462
2728705
2601499
2693244
3028451
2730014
2656998
2720751
2625990
2742959
2639618
2712329
2790922
2576483
2667410
3056034
2620063
2748053
2635843
2710177
2656762
2722022
2612219
2694795
2762434
2710177
2775443
2675481
2636181
2712848
2610668
2759573
2674505
2712701
2634463
2700097
4187101
3311827
2694120
2715298
3114856
4419132
4450538
3754566
2947976
3236281
4383616
3632926
2883522
3535301
2867078
3818619
2787913
